35633, 35678	20	1,1031,9194,15175,16862,20075,25228,32968,34460,35605,35613,35621,35630,16894,21556,23550,42051,45129,49226,41553
27585, 27679	19	11,9998,27552,27555,27564,27570,27573,27574,27583,27588,27589,27590,27600,27617,27626,27638,38737,27620,27655
35613, 35633	17	1,2657,15175,16862,20075,25228,30235,33207,35605,16894,21556,35621,35678,42051,45129,49226,35630
117, 135	17	2,95,112,3233,11165,13801,13832,19032,19091,19114,19992,23597,24568,41087,41440,42704,43149
21556, 35678	15	1,1031,3734,15175,15356,20075,25228,35621,35630,23690,24426,27549,32968,35613,35633
21556, 35613	14	1,2659,15175,15356,20075,25228,35621,35630,23690,24426,27549,35606,35633,35678
20075, 35678	14	1,9194,15356,25228,32717,32968,35613,35621,35630,35633,16894,21556,23550,42051
35678, 49226	14	1,1031,14181,15314,25222,32717,35613,35621,35630,35633,35661,43432,35793,41553
35605, 35613	13	1,2657,14181,15175,15356,25138,25213,25228,35621,35630,35678,35606,35633
1, 20	12	0,5,12846,22939,28193,29724,29791,30691,31232,34394,35589,44887
